0.17411239489546831
0.175076350816041
0.17605103985118642
0.1770366422653946
0.17803334238264587
0.17904132870133083
0.18006079401309616
0.18109193552577416
0.18213495499056032
0.18319005883361125
0.18425745829224358
0.18533736955592195
0.18643001391223468
0.18753561789806286
0.18865441345616113
0.18978663809737653
0.19093253506874422
0.19209235352770945
0.19326634872273865
0.19445478218059375
0.19565792190055922
0.19687604255592403
0.1981094257030372
0.1993583599982709
0.20062314142324256
0.20190407351866477
0.20320146762721122
0.2045156431458068
0.2058469277877716
0.20719565785526992
0.20856217852254127
0.2099468441304133
0.21135001849262497
0.21277207521451666
0.21421339802467226
0.21567438112013365
0.2171554295258378
0.21865695946896643
0.22017939876893472
0.22172318724378576
0.2232887771338031
0.22487663354319742
0.22648723490077335
0.22812107344053625
0.22977865570325123
0.23146050306002947
0.2331671522590782
0.23489915599681838
0.2366570835146474
0.23844152122269976
0.2402530733520418
0.24209236263682452
0.24396003102801125
0.24585674044040012
0.24778317353476648
0.2497400345370663
0.2517280500967679
0.2537479701865067
0.2558005690454054
0.2578866461685513
0.2600070273452871
0.26216256574914815
0.26435414308246896
0.26658267077888365
0.26884909126716744
0.27115437930009945
0.27349954335228455
0.2758856270911448
0.2783137109255883
0.28078491363718466
0.2833003940990185
0.2858613530877726
0.2884690351949906
0.2911247308439133
0.2938297784187531
0.2965855665137905
0.29939353631023174
0.3022551840893771
0.3051720638913073
0.30814579032901407
0.3111780415686826
0.3142705624876837
0.31742516802276344
0.32064374672192913
0.3239282645146386
0.3272807687161064
0.33070339228286805
0.3341983583381865
0.3377679849874796
0.34141469044568473
0.34514099850039404
0.34894954433669517
0.35284308075196996
0.3568244847914509
0.3608967648381505
0.3650630681938794
0.3693266891915042
0.3736910778823871
0.3781598493471564
0.38273679368261765
0.3874258867227915
0.39223130155781827
0.39715742092087397
0.4022088505203772
0.4073904334027351
0.41270726543977426
0.4181647120449625
0.4237684262336882
0.4295243681553896
0.4354388262394037
0.4415184401122504
0.4477702254619321
0.4542016010450068
0.4608204180550119
0.46763499209667486
0.4746541380396984
0.4818872080592855
0.48934413320859466
0.49703546891172146
0.5049724448154432
0.5131670194948588
0.5216319405733929
0.5303808108928383
0.5394281614558548
0.5487895319636426
0.5584815598877434
0.5685220791499701
0.578930229641764
0.5897265789979736
0.6009332582551663
0.6125741132772025
0.6246748741283333
0.6372633449255747
0.6503696171186666
0.6640263096412036
0.6782688399674051
0.6931357308164459
0.7086689580963969
0.7249143467053613
0.741922022049457
0.7597469266479512
0.7784494130411745
0.7980959264813279
0.8187597936784501
0.84052213733391
0.863472940504177
0.8877122902370487
0.9133518367254683
0.9405165128480143
0.9693465699682735
0.9999999999999885
1.0326554320337051
1.0675156156660186
1.1048116345156784
1.1448080349661791
1.1878091107778495
1.2341666593465621
1.2842896279829321
1.3386562102707809
1.3978291506149438
1.4624752955742395
1.533390833468143
1.6115342514254438
1.698069910736296
1.794426458238238
1.9023763213228706
2.0241457333694974
2.1625699046815563
2.321316536731164
2.505215579705707
2.720759220056043
2.9768842730506324
3.286242413249962
3.6673542714196516
4.148459052925304
4.774851773445332
5.624049974208839
6.840645639281625
8.728878448365572
12.056984411626246
19.486832980500953
